1 0
0.9 0
0.8 0
0.7 0
0.6 0
0.5 0
0.4 0
0.3 0
0.2 0
0.1 0
1.38778e-16 0
-0.1 0
-0.2 0
-0.3 0
-0.4 0
-0.5 0
-0.6 0
-0.7 0
-0.8 0
-0.9 0
-1 0
-1.1 1.51929e-64
-1.2 1.51929e-64
-1.3 1.51929e-64
-1.4 1.51929e-64
-1.5 1.51929e-64
-1.6 1.51929e-64
-1.7 1.51929e-64
-1.8 1.51929e-64
-1.9 1.51929e-64
-2 1.51929e-64
-2.1 1.51929e-64
-2.2 1.51929e-64
-2.3 1.51929e-64
-2.4 1.51929e-64
-2.5 1.51929e-64
-2.6 1.51929e-64
-2.7 1.51929e-64
-2.8 1.51929e-64
-2.9 1.51929e-64
-3 1.51929e-64
-3.1 1.51929e-64
-3.2 1.51929e-64
-3.3 1.51929e-64
-3.4 1.51929e-64
-3.5 1.51929e-64
-3.6 1.51929e-64
-3.7 1.51929e-64
-3.8 1.51929e-64
-3.9 1.51929e-64
-4 1.23063e-62
-4.1 1.23063e-62
-4.2 1.23063e-62
-4.3 1.23063e-62
-4.4 1.23063e-62
-4.5 1.23063e-62
-4.6 1.23063e-62
-4.7 1.23063e-62
-4.8 1.23063e-62
-4.9 1.23063e-62
-5 1.23063e-62
-5.1 1.23063e-62
-5.2 1.23063e-62
-5.3 1.23063e-62
-5.4 1.23063e-62
-5.5 1.23063e-62
-5.6 1.23063e-62
-5.7 1.23063e-62
-5.8 1.23063e-62
-5.9 1.23063e-62
-6 1.23063e-62
-6.1 1.23063e-62
-6.2 1.23063e-62
-6.3 1.23063e-62
-6.4 1.23063e-62
-6.5 1.23063e-62
-6.6 1.23063e-62
-6.7 1.23063e-62
-6.8 1.23063e-62
-6.9 1.23063e-62
-7 1.23063e-62
-7.1 1.23063e-62
-7.2 1.23063e-62
-7.3 1.23063e-62
-7.4 1.23063e-62
-7.5 1.23063e-62
-7.6 1.23063e-62
-7.7 1.23063e-62
-7.8 1.23063e-62
-7.9 1.23063e-62
-8 1.23063e-62
-8.1 1.23063e-62
-8.2 1.23063e-62
-8.3 1.23063e-62
-8.4 1.23063e-62
-8.5 1.23063e-62
-8.6 1.23063e-62
-8.7 1.23063e-62
-8.8 1.23063e-62
-8.9 1.23063e-62
-9 1.23063e-62
-9.1 1.23063e-62
-9.2 1.23063e-62
-9.3 1.23063e-62
-9.4 1.23063e-62
-9.5 1.23063e-62
-9.6 1.23063e-62
-9.7 1.23063e-62
-9.8 1.23063e-62
-9.9 1.23063e-62
-10 1.23063e-62
-10.1 1.23063e-62
-10.2 1.23063e-62
-10.3 1.23063e-62
-10.4 1.23063e-62
-10.5 1.23063e-62
-10.6 1.23063e-62
-10.7 1.23063e-62
-10.8 1.23063e-62
-10.9 1.23063e-62
-11 1.23063e-62
