1 0.0840657
0.9 0.0840657
0.8 0.0840657
0.7 0.0840657
0.6 0.0840657
0.5 0.0840657
0.4 0.0840657
0.3 0.0840657
0.2 0.0840657
0.1 0.0840657
1.38778e-16 0.0840657
-0.1 0.0840657
-0.2 0.0840657
-0.3 0.0840657
-0.4 0.0840657
-0.5 0.0840657
-0.6 0.0840657
-0.7 0.0840657
-0.8 0.0840657
-0.9 0.0840657
-1 0.0840657
-1.1 0.0840657
-1.2 0.0840657
-1.3 0.0840657
-1.4 0.0840657
-1.5 0.0840657
-1.6 0.0840657
-1.7 0.0840657
-1.8 0.0840657
-1.9 0.0840657
-2 0.0840657
-2.1 0.0840657
-2.2 0.0840657
-2.3 0.0840657
-2.4 0.0840657
-2.5 0.0840657
-2.6 0.0840657
-2.7 0.0840657
-2.8 0.0840657
-2.9 0.0840657
-3 0.0840657
-3.1 0.0840657
-3.2 0.0840657
-3.3 0.0840657
-3.4 0.0840657
-3.5 0.0840657
-3.6 0.0840657
-3.7 0.0840657
-3.8 0.0840657
-3.9 0.0840657
-4 0.0840657
-4.1 0.0840657
-4.2 0.0840657
-4.3 0.0840657
-4.4 0.0840657
-4.5 0.0840657
-4.6 0.0840657
-4.7 0.0840657
-4.8 0.0840657
-4.9 0.0840657
-5 0.0840657
-5.1 0.0840657
-5.2 0.0840657
-5.3 0.0840657
-5.4 0.0840657
-5.5 0.0840657
-5.6 0.0840657
-5.7 0.0840657
-5.8 0.0840657
-5.9 0.0840657
-6 0.0840657
-6.1 0.0840657
-6.2 0.0840657
-6.3 0.0840657
-6.4 0.0840657
-6.5 0.0840657
-6.6 0.0840657
-6.7 0.0840657
-6.8 0.0840657
-6.9 0.0840657
-7 0.0840657
-7.1 0.0840657
-7.2 0.0840657
-7.3 0.0840657
-7.4 0.0840657
-7.5 0.0840657
-7.6 0.0840657
-7.7 0.0840657
-7.8 0.0840657
-7.9 0.0840657
-8 0.0840657
-8.1 0.0840657
-8.2 0.0840657
-8.3 0.0840657
-8.4 0.0840657
-8.5 0.0840657
-8.6 0.0840657
-8.7 0.0840657
-8.8 0.0840657
-8.9 0.0840657
-9 0.0840657
-9.1 0.0840657
-9.2 0.0840657
-9.3 0.0840657
-9.4 0.0840657
-9.5 0.0840657
-9.6 0.0840657
-9.7 0.0840657
-9.8 0.0840657
-9.9 0.0840657
-10 0.0840657
-10.1 0.0840657
-10.2 0.0840657
-10.3 0.0840657
-10.4 0.0840657
-10.5 0.0840657
-10.6 0.0840657
-10.7 0.0840657
-10.8 0.0840657
-10.9 0.0840657
-11 0.0840657
